{
  "nbformat": 4,
  "nbformat_minor": 0,
  "metadata": {
    "colab": {
      "provenance": [],
      "authorship_tag": "ABX9TyOWZ8h/kVu4QHgNKxE/9cX/",
      "include_colab_link": true
    },
    "kernelspec": {
      "name": "python3",
      "display_name": "Python 3"
    },
    "language_info": {
      "name": "python"
    }
  },
  "cells": [
    {
      "cell_type": "markdown",
      "metadata": {
        "id": "view-in-github",
        "colab_type": "text"
      },
      "source": [
        "<a href=\"https://colab.research.google.com/github/rbhaskarreddy/QRNG-QISKIT-HACKTON2025/blob/main/Quantum%20Machine%20Learning%20(Climate%20Modeling/Prediction).ipynb\" target=\"_parent\"><img src=\"https://colab.research.google.com/assets/colab-badge.svg\" alt=\"Open In Colab\"/></a>"
      ]
    },
    {
      "cell_type": "code",
      "execution_count": 40,
      "metadata": {
        "colab": {
          "base_uri": "https://localhost:8080/"
        },
        "id": "L2ZsDX_6a0zM",
        "outputId": "e16771c3-d55c-49b8-8bfa-ced989a8df87"
      },
      "outputs": [
        {
          "output_type": "stream",
          "name": "stdout",
          "text": [
            "\u001b[33mWARNING: Skipping qiskit-machine-learning as it is not installed.\u001b[0m\u001b[33m\n",
            "\u001b[0mRequirement already satisfied: qiskit in /usr/local/lib/python3.12/dist-packages (1.4.5)\n",
            "Collecting qiskit\n",
            "  Downloading qiskit-2.2.3-cp39-abi3-manylinux2014_x86_64.manylinux_2_17_x86_64.whl.metadata (12 kB)\n",
            "Requirement already satisfied: pennylane in /usr/local/lib/python3.12/dist-packages (0.43.1)\n",
            "Requirement already satisfied: numpy in /usr/local/lib/python3.12/dist-packages (2.3.5)\n",
            "Requirement already satisfied: qiskit-aer in /usr/local/lib/python3.12/dist-packages (0.17.2)\n",
            "\u001b[31mERROR: Ignored the following versions that require a different python version: 1.21.2 Requires-Python >=3.7,<3.11; 1.21.3 Requires-Python >=3.7,<3.11; 1.21.4 Requires-Python >=3.7,<3.11; 1.21.5 Requires-Python >=3.7,<3.11; 1.21.6 Requires-Python >=3.7,<3.11\u001b[0m\u001b[31m\n",
            "\u001b[0m\u001b[31mERROR: Could not find a version that satisfies the requirement qiskit-machine-learning>=0.9.0 (from versions: 0.1.0, 0.2.0, 0.2.1, 0.3.0, 0.3.1, 0.4.0, 0.5.0, 0.6.0, 0.6.1, 0.7.0, 0.7.1, 0.7.2, 0.8.0, 0.8.1, 0.8.2, 0.8.3, 0.8.4)\u001b[0m\u001b[31m\n",
            "\u001b[0m\u001b[31mERROR: No matching distribution found for qiskit-machine-learning>=0.9.0\u001b[0m\u001b[31m\n",
            "\u001b[0m"
          ]
        }
      ],
      "source": [
        "!pip uninstall -y qiskit-machine-learning\n",
        "!pip install qiskit pennylane numpy qiskit-aer 'qiskit-machine-learning>=0.9.0' --upgrade --no-cache-dir"
      ]
    },
    {
      "cell_type": "code",
      "source": [
        "from qiskit import QuantumCircuit\n",
        "from qiskit_aer import Aer"
      ],
      "metadata": {
        "id": "0a4vOJ66bBGR"
      },
      "execution_count": 41,
      "outputs": []
    },
    {
      "cell_type": "code",
      "source": [
        "# from qiskit.opflow import StateFn, CircuitSampler"
      ],
      "metadata": {
        "id": "pEa3YMRFbd-o"
      },
      "execution_count": 42,
      "outputs": []
    },
    {
      "cell_type": "code",
      "source": [
        "# from qiskit.utils import algorithm_globals"
      ],
      "metadata": {
        "id": "yjNH8KYwbrFI"
      },
      "execution_count": 43,
      "outputs": []
    },
    {
      "cell_type": "code",
      "source": [
        "from qiskit_machine_learning.kernels import FidelityQuantumKernel"
      ],
      "metadata": {
        "id": "DO2toCs0b4Y7"
      },
      "execution_count": 44,
      "outputs": []
    },
    {
      "cell_type": "code",
      "source": [
        "from qiskit.circuit.library import ZZFeatureMap\n"
      ],
      "metadata": {
        "id": "uTe7hlfZdbrU"
      },
      "execution_count": 45,
      "outputs": []
    },
    {
      "cell_type": "code",
      "source": [
        "import numpy as np"
      ],
      "metadata": {
        "id": "NkFgOB7hdkMF"
      },
      "execution_count": 46,
      "outputs": []
    },
    {
      "cell_type": "code",
      "source": [
        "# Set seed for reproducibility\n",
        "# algorithm_globals.random_seed = 42"
      ],
      "metadata": {
        "id": "Y9YZ4XyWdmDm"
      },
      "execution_count": 47,
      "outputs": []
    },
    {
      "cell_type": "code",
      "source": [
        "# Sample data (dummy data for demonstration)\n",
        "X = np.random.rand(10, 2)\n",
        "y = np.random.randint(0, 2, 10)"
      ],
      "metadata": {
        "id": "J-t0JTHvd7Ac"
      },
      "execution_count": 48,
      "outputs": []
    },
    {
      "cell_type": "code",
      "source": [
        "# 1. Define a quantum feature map to encode classical data\n",
        "feature_dimension = X.shape[1]\n",
        "feature_map = ZZFeatureMap(feature_dimension=feature_dimension, reps=1, entanglement='linear')"
      ],
      "metadata": {
        "id": "uv7jqwQIeApW"
      },
      "execution_count": 49,
      "outputs": []
    },
    {
      "cell_type": "code",
      "source": [
        "# Set up a local simulator\n",
        "from qiskit.primitives import StatevectorSampler\n",
        "sampler = StatevectorSampler()"
      ],
      "metadata": {
        "id": "I4fLAwhmeIcj"
      },
      "execution_count": 50,
      "outputs": []
    },
    {
      "cell_type": "code",
      "metadata": {
        "colab": {
          "base_uri": "https://localhost:8080/"
        },
        "id": "a79cdcfa",
        "outputId": "48873f54-672f-4a0f-d588-349ef1ad8554"
      },
      "source": [
        "!pip install qiskit-optimization --upgrade --no-cache-dir"
      ],
      "execution_count": 51,
      "outputs": [
        {
          "output_type": "stream",
          "name": "stdout",
          "text": [
            "Requirement already satisfied: qiskit-optimization in /usr/local/lib/python3.12/dist-packages (0.7.0)\n",
            "Requirement already satisfied: qiskit<3,>=1.1 in /usr/local/lib/python3.12/dist-packages (from qiskit-optimization) (1.4.5)\n",
            "Requirement already satisfied: scipy>=1.9.0 in /usr/local/lib/python3.12/dist-packages (from qiskit-optimization) (1.15.3)\n",
            "Requirement already satisfied: numpy>=1.17 in /usr/local/lib/python3.12/dist-packages (from qiskit-optimization) (2.3.5)\n",
            "Requirement already satisfied: docplex!=2.24.231,>=2.21.207 in /usr/local/lib/python3.12/dist-packages (from qiskit-optimization) (2.30.251)\n",
            "Requirement already satisfied: setuptools>=40.1.0 in /usr/local/lib/python3.12/dist-packages (from qiskit-optimization) (75.2.0)\n",
            "Requirement already satisfied: networkx>=2.6.3 in /usr/local/lib/python3.12/dist-packages (from qiskit-optimization) (3.5)\n",
            "Requirement already satisfied: six in /usr/local/lib/python3.12/dist-packages (from docplex!=2.24.231,>=2.21.207->qiskit-optimization) (1.17.0)\n",
            "Requirement already satisfied: rustworkx>=0.15.0 in /usr/local/lib/python3.12/dist-packages (from qiskit<3,>=1.1->qiskit-optimization) (0.17.1)\n",
            "Requirement already satisfied: sympy>=1.3 in /usr/local/lib/python3.12/dist-packages (from qiskit<3,>=1.1->qiskit-optimization) (1.13.3)\n",
            "Requirement already satisfied: dill>=0.3 in /usr/local/lib/python3.12/dist-packages (from qiskit<3,>=1.1->qiskit-optimization) (0.3.8)\n",
            "Requirement already satisfied: python-dateutil>=2.8.0 in /usr/local/lib/python3.12/dist-packages (from qiskit<3,>=1.1->qiskit-optimization) (2.9.0.post0)\n",
            "Requirement already satisfied: stevedore>=3.0.0 in /usr/local/lib/python3.12/dist-packages (from qiskit<3,>=1.1->qiskit-optimization) (5.5.0)\n",
            "Requirement already satisfied: typing-extensions in /usr/local/lib/python3.12/dist-packages (from qiskit<3,>=1.1->qiskit-optimization) (4.15.0)\n",
            "Requirement already satisfied: symengine<0.14,>=0.11 in /usr/local/lib/python3.12/dist-packages (from qiskit<3,>=1.1->qiskit-optimization) (0.13.0)\n",
            "Requirement already satisfied: mpmath<1.4,>=1.1.0 in /usr/local/lib/python3.12/dist-packages (from sympy>=1.3->qiskit<3,>=1.1->qiskit-optimization) (1.3.0)\n"
          ]
        }
      ]
    },
    {
      "cell_type": "code",
      "source": [
        "from qiskit_machine_learning.state_fidelities import ComputeUncompute\n",
        "\n",
        "# 3. Configure the quantum kernel\n",
        "quantum_kernel = FidelityQuantumKernel(fidelity=ComputeUncompute(sampler=sampler),\n",
        "                                       feature_map=feature_map)"
      ],
      "metadata": {
        "id": "UkunWf5Jfose"
      },
      "execution_count": 52,
      "outputs": []
    },
    {
      "cell_type": "code",
      "source": [
        "# Example of using the kernel to compute the kernel matrix\n",
        "kernel_matrix = quantum_kernel.evaluate(X)\n",
        "print(\"Quantum Kernel Matrix:\")\n",
        "print(kernel_matrix)\n",
        "\n",
        "# This kernel can be used within a classical machine learning framework\n",
        "# for tasks like classification."
      ],
      "metadata": {
        "colab": {
          "base_uri": "https://localhost:8080/"
        },
        "id": "vVgyVuUhgLl9",
        "outputId": "3b8ea610-60a3-4cbb-a8a1-e2bf60de7819"
      },
      "execution_count": 53,
      "outputs": [
        {
          "output_type": "stream",
          "name": "stdout",
          "text": [
            "Quantum Kernel Matrix:\n",
            "[[ 1.00256420e+00  9.52284971e-01  3.36432041e-01  3.30483146e-01\n",
            "   5.88091594e-01  4.39387108e-01  7.95019236e-03  6.39068840e-01\n",
            "   3.72984997e-01  1.45159512e-02]\n",
            " [ 9.52284971e-01  1.01277237e+00  4.22724397e-01  5.01728358e-01\n",
            "   7.82599212e-01  2.84327027e-01  4.58175223e-02  6.82707794e-01\n",
            "   2.40146086e-01  2.24881102e-03]\n",
            " [ 3.36432041e-01  4.22724397e-01  1.00009538e+00  4.34083396e-01\n",
            "   5.06839851e-01 -1.27323480e-05  5.58431963e-01  1.91482810e-01\n",
            "   1.28717218e-02  2.88060386e-01]\n",
            " [ 3.30483146e-01  5.01728358e-01  4.34083396e-01  1.00248574e+00\n",
            "   9.10033662e-01  2.15493745e-02  4.51021249e-01  1.70507593e-01\n",
            "   5.86697304e-02  2.10091381e-01]\n",
            " [ 5.88091594e-01  7.82599212e-01  5.06839851e-01  9.10033662e-01\n",
            "   1.01007910e+00  1.74472390e-02  3.08883732e-01  3.70904210e-01\n",
            "   1.35322028e-02  1.26690458e-01]\n",
            " [ 4.39387108e-01  2.84327027e-01 -1.27323480e-05  2.15493745e-02\n",
            "   1.74472390e-02  1.00000170e+00  3.84787222e-01  2.85146030e-01\n",
            "   8.47632701e-01  2.52933098e-01]\n",
            " [ 7.95019236e-03  4.58175223e-02  5.58431963e-01  4.51021249e-01\n",
            "   3.08883732e-01  3.84787222e-01  1.00027443e+00  4.75294667e-03\n",
            "   5.39739826e-01  7.32465217e-01]\n",
            " [ 6.39068840e-01  6.82707794e-01  1.91482810e-01  1.70507593e-01\n",
            "   3.70904210e-01  2.85146030e-01  4.75294667e-03  1.00006145e+00\n",
            "   3.82954103e-01  4.49013647e-02]\n",
            " [ 3.72984997e-01  2.40146086e-01  1.28717218e-02  5.86697304e-02\n",
            "   1.35322028e-02  8.47632701e-01  5.39739826e-01  3.82954103e-01\n",
            "   1.00032628e+00  5.08741803e-01]\n",
            " [ 1.45159512e-02  2.24881102e-03  2.88060386e-01  2.10091381e-01\n",
            "   1.26690458e-01  2.52933098e-01  7.32465217e-01  4.49013647e-02\n",
            "   5.08741803e-01  1.00000685e+00]]\n"
          ]
        }
      ]
    }
  ]
}